/*!
 *
 * Jquery Mapael - Dynamic maps jQuery plugin (based on raphael.js)
 * Requires jQuery and Mapael >=2.0.0
 *
 * Map of lacampana
 * 
 * @author author name
 */
(function (factory) {
    if (typeof exports === 'object') {
        // CommonJS
        module.exports = factory(require('jquery'), require('jquery-mapael'));
    } else if (typeof define === 'function' && define.amd) {
        // AMD. Register as an anonymous module.
        define(['jquery', 'mapael'], factory);
    } else {
        // Browser globals
        factory(jQuery, jQuery.mapael);
    }
}(function ($, Mapael) {

    "use strict";
    
    $.extend(true, Mapael,
        {
            maps :  {
                lacampana : {
                    width : 1066.6666,
                    height : 933.33331,
                    getCoords: function (lat, lon) {
                        var xfactor = 7507.0422535213;
                        var xoffset = 534141.07042255;
                        var x = (lon * xfactor) + xoffset;
                        var yfactor = -10848.837209302;
                        var yoffset = -357197.96511626;
                        var y = (lat * yfactor) + yoffset;

                        return { 'x': x, 'y': y };
                    },
                    'elems': {
                        "path5" : "m 345.58,69.13 0.96,0.24 h 0.96 l 0.96,-0.48 1.44,0.72 1.44,0.24 1.2,0.48 h 0.48 l 0.96,0.72 1.44,1.92 0.96,2.16 1.2,2.4 v 0.72 0.24 l 1.2,2.16 0.48,0.96 0.24,0.24 0.72,0.96 0.72,0.72 0.48,0.24 0.48,0.72 0.96,1.2 0.48,1.2 0.24,1.2 0.24,0.48 0.24,0.96 0.24,0.96 0.72,0.48 0.48,0.24 0.96,0.72 0.48,1.2 v 1.68 0.72 l 0.24,0.72 0.72,0.48 0.48,0.24 h 0.96 l 0.48,-0.24 1.2,0.24 h 0.72 l 1.68,0.96 1.2,0.72 h 1.2 l 0.96,-0.24 1.44,0.48 0.96,0.72 0.72,1.2 0.24,1.2 0.96,1.68 0.72,1.2 0.72,0.96 0.72,0.72 h 0.96 l 1.2,0.96 1.2,1.2 1.2,1.68 0.24,1.2 0.48,0.72 0.72,2.4 0.24,1.2 7.2,0.24 h 9.6 l 12.48,-0.24 7.92,-5.52 3.84,-6.96 2.88,-5.28 3.6,-4.32 2.88,-2.4 6,-2.16 7.44,2.88 2.88,3.84 5.52,1.44 3.36,-0.48 6.96,-0.96 4.32,0.48 9.84,1.2 3.84,1.2 5.76,3.12 5.52,2.64 5.76,5.04 8.16,0.72 7.92,-1.2 5.76,0.24 8.4,-2.16 10.32,9.6 7.44,7.92 5.28,5.52 5.52,5.04 7.44,7.2 7.44,5.04 9.6,2.88 9.36,4.32 5.04,2.88 5.04,2.16 3.84,1.2 6,1.2 9.6,2.64 8.64,0.48 8.16,1.2 13.44,6.72 11.28,4.32 10.32,14.88 9.6,8.16 7.68,13.44 13.92,3.36 18,14.88 19.44,21.6 2.64,6.24 5.04,16.32 4.08,11.28 13.2,3.84 17.52,-0.24 8.64,1.92 8.16,1.44 4.56,2.16 8.64,-0.48 6.24,3.12 3.6,3.84 6,4.56 -0.72,11.04 3.36,10.08 -1.44,7.68 2.64,7.44 2.64,6 0.24,4.08 -2.88,6 -2.64,10.56 -4.32,11.28 -2.64,9.6 -0.24,4.56 -1.2,3.6 -0.24,4.56 v 8.4 6.96 l -1.44,7.68 -2.64,2.16 -9.36,4.32 -3.84,4.08 -5.52,9.36 -6.72,6 -2.88,2.88 -3.6,3.36 -5.04,2.64 v 3.6 l -0.48,5.04 -1.68,4.8 -1.44,2.4 -1.2,6.48 -5.04,2.88 -4.56,1.92 -4.08,3.6 -2.16,4.56 -6.96,5.28 -1.2,4.8 -3.12,3.36 -4.32,1.2 -4.56,-0.48 -3.12,1.92 -4.8,-1.44 -9.36,0.72 -7.44,-0.72 -6.72,1.2 -4.56,1.44 -3.84,2.16 -2.4,1.2 -5.76,2.4 -4.32,0.72 -3.12,1.2 -8.4,0.96 -3.84,0.24 -7.44,-0.48 -3.6,0.48 -3.12,-0.24 -6,0.48 -6.96,-2.88 -12,-5.04 -5.52,-5.04 -7.44,-5.04 -1.68,1.68 -1.68,0.48 -1.44,-0.48 -0.48,-2.4 -1.68,-1.44 -2.16,-2.16 -1.2,-1.2 -1.92,-2.16 -2.16,-0.96 -3.6,-0.24 -1.44,-0.72 -1.44,-1.2 -2.64,-1.92 -2.16,-0.96 -1.92,-0.24 -1.92,-0.72 -2.4,-0.48 -1.2,-1.2 -2.16,-0.48 -1.2,-0.96 -2.88,-1.68 -3.84,-0.96 -3.12,-0.48 -2.16,0.96 -2.64,0.48 -2.16,-1.2 -1.68,0.48 -1.68,2.64 -3.12,0.72 -6.96,7.68 -5.52,7.44 -1.92,3.12 -5.52,5.28 -6,11.28 -5.28,5.76 -6.48,4.56 -10.32,10.08 -18.24,7.68 -11.28,6.72 -8.88,6.96 -5.52,3.84 -8.4,7.68 -11.52,8.4 -18,5.76 -15.6,4.32 -11.04,3.84 -6.96,3.12 -5.04,4.56 -3.36,7.44 -2.64,5.04 -0.72,5.76 -1.92,11.76 v 1.92 l 0.24,2.16 0.24,2.64 -0.72,4.08 -0.24,1.44 2.16,3.12 0.72,3.12 0.24,2.4 0.24,3.12 v 2.64 l -4.32,4.32 -3.36,2.16 -2.88,1.2 -2.88,0.24 -4.08,0.48 -4.56,5.52 -2.88,6 -9.6,9.12 -0.96,8.4 -3.84,9.84 -9.84,-3.6 -6.72,-7.68 -2.16,-5.76 -6.72,-5.52 -4.08,-3.84 -25.68,-16.32 -6.24,-0.48 h -6.48 l -6.24,-0.72 -5.76,-0.48 -4.8,-1.68 -5.28,-0.48 -5.28,-0.24 -4.56,3.12 -2.4,1.2 -5.04,1.2 -7.44,0.72 -3.36,0.24 -4.32,0.96 -3.12,1.2 -2.88,2.16 -2.64,1.44 -3.36,1.2 -3.6,1.92 -5.04,1.92 -3.36,2.16 -4.32,2.64 -6.48,3.36 -2.16,1.92 -1.92,0.48 -2.88,0.24 h -3.12 l -9.36,-1.44 -6.48,-2.88 -5.76,-2.16 -4.56,-7.92 -0.24,-10.8 4.8,-15.6 2.64,-0.96 7.92,-5.04 1.92,-0.72 1.92,-1.68 2.4,-3.84 3.12,-1.68 1.68,-0.24 4.32,0.96 2.64,0.72 3.12,0.48 2.16,-0.96 6.24,-5.76 2.88,-0.96 4.08,-0.48 4.08,-0.72 6,-4.08 2.16,-3.6 -0.24,-1.92 -6.48,-6.48 -6.24,-3.6 -12.24,-3.36 -5.52,-1.44 -3.6,-0.96 -4.08,-2.64 -1.92,-1.68 -2.16,-2.16 -1.92,-0.72 -3.6,-1.2 -1.44,-1.68 -0.72,-1.92 v -1.44 l 0.48,-3.36 -0.24,-2.88 -2.88,-3.84 -1.68,-0.72 -1.68,-0.24 -3.12,0.24 -1.92,0.48 -3.6,0.72 h -1.92 l -0.96,-0.48 -0.48,-1.92 0.48,-1.44 1.2,-1.68 v -2.16 -1.44 l 0.48,-0.72 -0.24,-2.16 v -3.36 l 0.24,-1.2 -0.24,-3.36 -0.72,-2.88 -2.16,-2.88 -1.2,-1.68 -0.72,-2.16 1.2,-2.88 0.96,-1.44 0.72,-1.92 0.96,-0.72 0.24,-0.96 v -1.92 l -0.72,-1.68 -1.2,-2.16 -0.96,-1.44 -0.96,-1.92 -0.72,-1.2 -0.48,-1.2 -0.72,-1.68 -1.92,-1.92 -2.4,-0.96 -1.68,-0.72 -2.16,-1.68 -0.24,-1.44 0.96,-4.32 0.96,-2.88 1.2,-3.12 1.44,-2.4 1.92,-2.16 1.44,-1.44 1.2,-1.44 0.96,-0.96 0.96,-1.68 0.48,-1.2 0.72,-1.2 0.24,-2.64 0.48,-3.84 1.44,-5.52 0.48,-1.44 0.24,-1.44 0.96,-2.88 1.44,-2.88 2.16,-1.44 2.4,-1.92 -0.48,-2.4 v -2.64 l -2.64,-2.4 -2.64,-0.48 h -3.36 l -3.6,0.24 h -2.64 -2.16 l -2.16,-0.24 -4.8,-0.48 h -1.92 l -4.08,-0.48 -5.76,0.96 -2.88,0.24 h -3.36 -1.68 l -1.2,1.2 -0.48,0.96 -0.72,1.44 -0.72,2.4 -2.4,2.4 0.24,5.76 -3.84,7.68 -2.64,1.92 -1.68,1.92 -1.92,2.4 -2.88,2.16 -1.92,1.68 -1.2,0.96 -1.68,1.2 -5.28,4.08 -0.48,0.96 -2.16,4.08 -1.68,2.16 -1.68,1.68 -1.44,0.72 -1.92,0.48 -1.2,0.24 -1.2,-0.24 -1.2,-0.72 -0.48,-1.92 v -1.92 l 0.48,-2.16 0.48,-1.44 0.96,-4.08 0.24,-4.08 -0.48,-2.16 -0.96,-1.92 -3.12,-2.88 -5.76,-1.44 -1.92,-1.2 4.08,-4.32 3.12,-5.28 5.76,-3.6 3.84,-3.6 2.88,-3.6 6.96,-6.48 4.08,-3.84 1.44,-4.56 2.16,-5.04 2.88,-4.8 0.96,-5.04 2.64,-2.16 3.12,-3.6 2.88,-4.32 4.32,-5.04 2.88,-2.88 1.68,-2.16 2.4,-2.4 5.76,-6.24 5.04,-7.44 7.44,-9.12 7.44,-10.8 -1.92,-11.28 4.8,-8.4 3.6,-4.8 3.12,-5.28 5.04,-3.12 4.32,-3.12 5.28,-0.72 4.8,-2.16 5.28,-3.84 4.08,-6.96 1.92,-3.6 2.4,-4.32 3.6,-5.52 2.4,-4.08 3.6,-3.6 1.68,-4.8 3.12,-4.32 7.44,-4.08 7.44,-0.24 3.6,-3.6 3.84,-6.72 0.48,-3.84 v -3.12 l -2.16,-6.72 -0.48,-7.2 0.48,-5.28 -0.72,-2.88 -0.72,-6 1.44,-6 4.08,-6 3.36,-2.88 1.92,-4.56 3.84,-10.32 0.48,-3.6 -2.16,-3.84 -3.12,-2.64 -3.36,-1.68 -2.4,-2.64 -3.36,-2.88 -3.36,-3.12 -4.08,-3.84 -2.88,-3.12 -1.92,-1.44 -1.92,-2.16 -1.2,-1.92 -0.48,-2.16 v -2.64 l 1.2,-3.84 1.44,-1.68 1.2,-1.68 0.48,-5.76 -0.48,-11.28 5.28,-5.28 5.28,-7.68 2.4,-3.6 1.44,-3.84 3.36,-4.08 2.16,-5.76 10.08,-11.76 3.84,-9.36 -0.72,-6.24 2.16,-3.36 1.2,-4.32 3.6,-7.44 1.2,-4.8 2.88,-2.4 5.28,-6.72 5.04,-4.56 5.52,-5.04 4.8,-7.92 2.88,-2.4 3.84,-4.8 4.08,-2.64 2.88,-2.88 5.04,-2.88 6.24,-7.44 6.72,-2.88 4.08,-1.2 7.68,3.6 -1.44,8.4 0.24,0.24 0.48,0.72 0.24,0.72 0.48,0.72 0.72,1.44 1.2,1.68 0.96,1.44 0.24,0.72 0.72,0.96 0.96,1.44 0.48,1.68 0.72,1.2 0.72,1.68 0.48,1.2 0.72,1.44 2.16,1.68 0.24,1.68 -0.24,0.48 0.72,0.48 0.24,0.96 2.4,0.48 0.96,0.24 h 1.44 z"
                    }
                }
            }
        }
    );

    return Mapael;

}));
